I_load_[Amps] T_sensor_[degC] efficiency_[%]
EFF-00.txt
   0.5   -0.1   61.425
   1.0   -0.1   69.930
   1.5   -0.1   73.052
   2.0   -0.1   73.511
   2.5    0.3   73.000
   3.0   -0.1   72.278
   3.5   -0.1   71.129
   4.0   -0.1   69.396
EFF-05.txt
   0.5   -4.6   61.425
   1.0   -5.2   69.930
   1.5   -5.2   73.052
   2.0   -4.0   73.710
   2.5   -4.9   73.314
   3.0   -4.7   72.663
   3.5   -5.5   71.555
   4.0   -5.2   69.751
EFF-10.txt
   0.5  -11.6   61.983
   1.0  -10.4   70.291
   1.5   -9.1   73.314
   2.0   -8.4   73.910
   2.5   -9.8   73.630
   3.0   -9.7   72.922
   3.5  -10.9   71.878
   4.0  -10.0   70.110
EFF-15.txt
   0.5  -15.5   61.983
   1.0  -14.8   70.291
   1.5  -15.5   73.578
   2.0  -13.4   74.111
   2.5  -15.0   73.950
   3.0  -15.5   73.314
   3.5  -13.4   72.314
EFF-20.txt
   0.5  -20.0   61.983
   1.0  -20.0   70.655
   1.5  -19.3   73.578
   2.0  -21.2   74.516
   2.5  -20.3   74.272
   3.0  -20.0   73.578
   3.5  -21.9   72.534
   4.0  -17.6   70.838
EFF-25.txt
   0.5  -25.1   61.983
   1.0  -23.5   70.655
   1.5  -25.1   73.843
   2.0  -25.7   74.720
   2.5  -25.1   74.761
EFF-30.txt
   0.5  -30.8   61.983
   1.5  -31.3   74.111
   2.0  -29.5   75.131
   2.5  -27.9   74.925
   3.5  -33.1   72.977
   4.0  -34.7   71.301
EFF10.txt
   0.5   10.1   61.425
   1.0   10.1   69.573
   1.5   10.1   72.534
   2.0   10.1   72.922
   2.5   10.4   72.380
   3.0   10.1   71.519
   3.5   10.4   70.291
   4.0    8.8   68.611
Eff4344.txt
   2.5  -25.1   74.761
   2.5  -22.9   74.272
   2.5  -17.4   74.111
   2.5  -13.9   73.790
   2.5   -9.2   73.630
   2.5   -5.9   73.314
   2.5   -3.3   73.156
   2.5    0.3   73.000
   2.5  -25.7   74.925
   2.5  -23.0   74.434
   2.5  -21.1   74.272
   2.5  -15.0   73.950
   2.5   -9.8   73.630
   2.5   -4.9   73.314
   2.5    0.3   73.066
   2.5    5.4   72.689
   2.5   10.4   72.380
   2.5   15.6   71.922
   2.5   22.9   71.534
   2.5   25.8   71.385
   2.5   27.1   71.236
   2.5  -27.9   74.925
   2.5  -23.1   74.434
   2.5  -21.2   74.434
   2.5  -20.3   74.272
   2.5  -14.1   74.111
   2.5  -17.1   73.950
   2.5  -10.4   73.790
   2.5   -8.1   73.630
   2.5   -5.8   73.472
   2.5   -0.9   73.156
   2.5    1.8   73.000
   2.5    4.2   72.844
   2.5    7.3   72.689
   2.5    8.9   72.534
   2.5   11.4   72.380
   2.5   13.5   72.227
   2.5   15.9   72.074
   2.5   18.8   71.922
   2.5   20.2   71.770
   2.5   22.9   71.620
   2.5   25.3   71.469
   2.5   28.0   71.320
Eff47_3A.txt
   3.0  -21.9   73.710
   3.0  -20.0   73.578
   3.0  -18.0   73.445
   3.0  -15.5   73.314
   3.0  -13.6   73.183
   3.0  -11.6   73.052
   3.0   -9.7   72.922
   3.0   -7.8   72.792
   3.0   -4.7   72.663
   3.0   -4.0   72.534
   3.0   -2.3   72.405
   3.0   -0.1   72.278
   3.0    2.0   72.150
   3.0    3.2   72.023
   3.0    5.6   71.896
   3.0    7.8   71.770
   3.0    8.8   71.645
   3.0   10.1   71.519
   3.0   11.4   71.395
EFF5.txt
   0.5    5.0   61.425
   1.0    5.6   69.930
   1.5    5.0   72.792
   2.0    3.7   73.314
   2.5    5.4   72.689
   3.0    5.6   71.896
   3.5    5.2   70.707
   4.0    5.0   68.958
EFF52_35A.txt
   3.5  -33.1   72.977
   3.5  -21.9   72.534
   3.5  -13.4   72.314
   3.5  -12.8   72.096
   3.5  -11.9   71.987
   3.5  -10.9   71.878
   3.5   -8.8   71.770
   3.5   -7.2   71.663
   3.5   -5.5   71.555
   3.5   -4.0   71.448
   3.5   -2.7   71.341
   3.5   -1.4   71.235
   3.5   -0.1   71.129
   3.5    1.1   71.023
   3.5    2.8   70.917
   3.5    4.2   70.812
   3.5    5.2   70.707
   3.5    6.9   70.602
   3.5    7.7   70.498
   3.5    9.2   70.394
   3.5   10.4   70.291
   3.5   11.4   70.187
   3.5   12.7   70.084
   3.5   14.2   69.981
   3.5   15.5   69.879
   3.5   16.5   69.777
EFF53_4A.txt
   4.0  -34.7   72.727
   4.0  -34.7   71.301
   4.0  -17.6   70.838
   4.0  -11.6   70.472
   4.0  -11.0   70.291
   4.0  -10.0   70.110
   4.0   -8.7   70.020
   4.0   -7.2   69.930
   4.0   -5.9   69.841
   4.0   -5.2   69.751
   4.0   -4.0   69.662
   4.0   -2.7   69.573
   4.0   -1.4   69.485
   4.0   -0.1   69.396
   4.0    1.1   69.308
   4.0    1.9   69.220
   4.0    2.7   69.132
   4.0    4.1   69.045
   4.0    5.0   68.958
   4.0    5.9   68.871
   4.0    6.9   68.784
   4.0    8.8   68.611
   4.0   11.4   68.438
   4.0   12.3   68.353
   4.0   12.9   68.267
   4.0   14.2   68.182
   4.0   15.7   68.012
   4.0   16.5   67.927
   4.0   17.8   67.843
   4.0   19.0   67.758
   4.0   19.6   67.674
   4.0   20.6   67.590
   4.0   21.2   67.507
   4.0   22.4   67.423
   4.0   23.4   67.340
   4.0   24.2   67.257
   4.0   25.1   67.174
   4.0   26.3   67.092
   4.0   27.5   67.009
   4.0   28.4   66.927
   4.0   28.9   66.845
   4.0   53.6   64.704
