I_load_[Amps] T_sensor_[degC] efficiency_[%]
0.5           60              66.2
1             60              73
1.5           60              75.1
2             60              74.3
2.5           60              71.1
3             60              67.8
4             60              63
0.5           10              67.9
1             10              75.1
1.5           10              77.6
2             10              77.3
2.5           10              75.5
3             10              72.1
4             10              65
