
# Barrel short strip stave (middle)

pabc  phcc pfeast prest type result
2.97  0.0  0.0    0.0   1     6.20
2.97  0.0  0.0    0.0   2     4.09
2.97  0.0  0.0    0.0   3     3.53
2.97  0.0  0.0    0.0   4     2.90
0.0   0.6  0.0    0.0   1     0.83
0.0   0.6  0.0    0.0   2     8.59
0.0   0.6  0.0    0.0   3     0.66
0.0   0.6  0.0    0.0   4     0.62
0.0   0.0  1.47   0.0   1     1.76
0.0   0.0  1.47   0.0   2     1.61
0.0   0.0  1.47   0.0   3    30.74
0.0   0.0  1.47   0.0   4     1.44
0.0   0.0  0.0    0.08  1     0.07
0.0   0.0  0.0    0.08  2     0.02
0.0   0.0  0.0    0.08  3     0.05
0.0   0.0  0.0    0.08  4     0.07
0.0   0.0  0.0    0.25  1     0.26
0.0   0.0  0.0    0.25  2     0.07
0.0   0.0  0.0    0.25  3     0.19
0.0   0.0  0.0    0.25  4     0.23
0.0   0.0  0.0    0.01  1     0.011
0.0   0.0  0.0    0.01  2     0.003
0.0   0.0  0.0    0.01  3     0.006
0.0   0.0  0.0    0.01  4     0.010
