
# Barrel long strip stave (EOS)

pabc  phcc pfeast prest type result
1.48  0.0  0.0    0.0   1     5.08
1.48  0.0  0.0    0.0   2     2.49
1.48  0.0  0.0    0.0   3     1.86
1.48  0.0  0.0    0.0   4     1.56
0.0   0.3  0.0    0.0   1     0.50
0.0   0.3  0.0    0.0   2     7.63
0.0   0.3  0.0    0.0   3     0.31
0.0   0.3  0.0    0.0   4     0.27
0.0   0.0  0.88   0.0   1     1.05
0.0   0.0  0.88   0.0   2     0.86
0.0   0.0  0.88   0.0   3    18.34
0.0   0.0  0.88   0.0   4     0.83
0.0   0.0  0.0    0.11  1     0.10
0.0   0.0  0.0    0.11  2     0.06
0.0   0.0  0.0    0.11  3     0.07
0.0   0.0  0.0    0.11  4     0.12
0.0   0.0  0.0    0.25  1     0.28
0.0   0.0  0.0    0.25  2     0.07
0.0   0.0  0.0    0.25  3     0.21
0.0   0.0  0.0    0.25  4     0.24
0.0   0.0  0.0    0.01  1     0.012
0.0   0.0  0.0    0.01  2     0.003
0.0   0.0  0.0    0.01  3     0.007
0.0   0.0  0.0    0.01  4     0.011
