
# Barrel short strip stave (EOS)

pabc  phcc pfeast prest type result
2.97  0.0  0.0    0.0   1     6.28
2.97  0.0  0.0    0.0   2     3.46
2.97  0.0  0.0    0.0   3     3.56
2.97  0.0  0.0    0.0   4     3.10
0.0   0.6  0.0    0.0   1     0.70
0.0   0.6  0.0    0.0   2     8.05
0.0   0.6  0.0    0.0   3     0.57
0.0   0.6  0.0    0.0   4     0.52
0.0   0.0  1.47   0.0   1     1.77
0.0   0.0  1.47   0.0   2     1.40
0.0   0.0  1.47   0.0   3    30.52
0.0   0.0  1.47   0.0   4     1.51
0.0   0.0  0.0    0.37  1     0.38
0.0   0.0  0.0    0.37  2     0.25
0.0   0.0  0.0    0.37  3     0.33
0.0   0.0  0.0    0.37  4     0.39
0.0   0.0  0.0    0.25  1     0.30
0.0   0.0  0.0    0.25  2     0.08
0.0   0.0  0.0    0.25  3     0.21
0.0   0.0  0.0    0.25  4     0.22
0.0   0.0  0.0    0.01  1     0.013
0.0   0.0  0.0    0.01  2     0.003
0.0   0.0  0.0    0.01  3     0.008
0.0   0.0  0.0    0.01  4     0.010
