
# Barrel long strip stave (middle)

pabc  phcc pfeast prest type result
1.48  0.0  0.0    0.0   1     5.18
1.48  0.0  0.0    0.0   2     2.92
1.48  0.0  0.0    0.0   3     1.91
1.48  0.0  0.0    0.0   4     1.57
0.0   0.3  0.0    0.0   1     0.59
0.0   0.3  0.0    0.0   2     7.96
0.0   0.3  0.0    0.0   3     0.35
0.0   0.3  0.0    0.0   4     0.33
0.0   0.0  0.88   0.0   1     1.13
0.0   0.0  0.88   0.0   2     1.04
0.0   0.0  0.88   0.0   3    18.5
0.0   0.0  0.88   0.0   4     0.94
0.0   0.0  0.0    0.02  1     0.02
0.0   0.0  0.0    0.02  2     0.01
0.0   0.0  0.0    0.02  3     0.02
0.0   0.0  0.0    0.02  4     0.02
0.0   0.0  0.0    0.25  1     0.29
0.0   0.0  0.0    0.25  2     0.08
0.0   0.0  0.0    0.25  3     0.21
0.0   0.0  0.0    0.25  4     0.26
0.0   0.0  0.0    0.01  1     0.012
0.0   0.0  0.0    0.01  2     0.003
0.0   0.0  0.0    0.01  3     0.007
0.0   0.0  0.0    0.01  4     0.011
